0.000000 
0.126933 
0.190400 
0.253866 
0.317333 
0.380799 
0.444266 
0.507732 
0.571199 
0.634665 
0.698132 
0.761598 
0.825065 
0.888531 
0.951998 
1.015464 
1.078931 
1.142397 
1.205864 
1.269330 
1.332797 
1.396263 
1.459730 
1.523196 
1.586663 
1.650129 
1.713596 
1.777063 
1.840529 
1.903996 
1.967462 
2.030929 
2.094395 
2.157862 
2.221328 
2.284795 
2.348261 
2.411728 
2.475194 
2.538661 
2.602127 
2.665594 
2.729060 
2.792527 
2.855993 
2.919460 
2.982926 
3.046393 
3.109859 
3.173326 
3.236792 
3.300259 
3.363725 
3.427192 
3.490659 
3.554125 
3.617592 
3.681058 
3.744525 
3.807991 
3.871458 
3.934924 
3.998391 
4.061857 
4.125324 
4.188790 
4.252257 
4.315723 
4.379190 
4.442656 
4.506123 
4.569589 
4.633056 
4.696522 
4.759989 
4.823455 
4.886922 
4.950388 
5.013855 
5.077321 
5.140788 
5.204254 
5.267721 
5.331188 
5.394654 
5.458121 
5.521587 
5.585054 
5.648520 
5.711987 
5.775453 
5.838920 
5.902386 
5.965853 
6.029319 
6.092786 
6.156252 
6.219719 
6.283185 
0.000000 
